Species	RNAdensity	5UTRdensity	CDSdensity	3UTRdensity
AALA	19.887813979700233	33.17516585143576	18.39934339874256	21.17809839501389
AAXJ	38.02033634389518	122.55686298006546	27.340246940354124	22.228577948954293
ABCD	28.54742834060222	97.53619703470648	20.78489860518122	19.61493088538996
ABEH	31.862255827939144	87.8322867343003	27.250202503067353	15.440149915729286
ABIJ	18.058262410599323	31.8961317514858	11.925889807063385	27.90935239929046
ABSS	97.76219189141459	244.87494521802947	88.1112642685026	28.02012428676379
ACFP	65.08519063334712	174.69001375093688	64.5472162887152	19.34522175636837
ACWS	24.312603393571383	45.13117447880095	20.90831502175036	15.368019448972227
ADHK	40.14617427797158	110.16265822494297	35.690981786651136	17.000338792465936
AEPI	33.467723787906664	98.98897171568427	27.55368006522656	12.886774069467522
AFLV	167.00116939979875	457.91243822476156	143.8006721328381	37.23013054059456
AFPO	43.7202260212777	118.80603764618412	35.53222202615002	21.884606698675814
AFQQ	32.81020851468894	103.9851370577432	26.915207187958607	14.579539339573376
AHRN	59.52020561095282	119.97620696569726	48.64304429432392	65.69147189056599
AIGO	15.023051848762938	32.37052986960671	12.392223172695665	9.91782725907738
AIOU	24.703530001007582	89.89361024143143	14.82192479559799	24.42892634597277
AJFN	41.9326578549991	115.97774676983855	33.72081980054925	23.060337372735763
AJJE	47.638518666623874	153.3948295570547	35.10815970257552	27.30384328082981
AKXB	32.14928043786708	67.79302080535525	15.405921994588688	42.5980136153901
ALUC	42.92332278658829	112.70358562911063	36.995299684332274	29.453883759658666
ALVQ	26.606787125869825	105.00958048344442	9.377371098860731	17.817190534490262
ANON	47.00266339006506	72.88691000022204	15.231255678997478	64.22796741193584
AQFM	18.99940797844739	43.29932171612532	14.860108946012705	9.25295652075961
AQGE	29.75915912519976	91.2503592677915	25.688779606398178	13.26649144284769
AQZD	35.51783880484255	88.87841725985324	31.44775498833754	19.65513852562323
AREG	17.055893807950223	34.73793294703195	14.264685631017572	9.448393635927792
ARYD	49.225495252902725	91.68377570228192	47.64131311058557	24.50367072412802
ASMV	33.722405894822224	104.33505722327058	24.54773020814655	25.581399391957454
ATFX	38.77275807321383	118.92561976163593	33.20133969846959	15.193479796732198
ATYL	34.69721400083965	80.81732358262927	30.31589290330499	19.72319241713237
AUDE	10.256755551710278	19.337942516584587	8.936788360006753	6.44617394396059
AUGV	15.759304922851125	47.964763247969664	10.934272151017488	14.661024184653012
AUIP	38.03702546060471	79.43460716182418	30.62431211213257	42.14811534931282
AVJK	59.81109453721009	172.00705535300838	52.575352356533976	16.525829872090075
AWJM	33.48969047552265	101.49730208026095	27.26766886421302	15.273128737825525
AWOI	18.92847473870137	40.358117831425744	14.077703495748194	9.742635541793959
AWQB	18.585999360863546	44.16544756575962	15.485674299491004	7.783628169927826
AXAF	37.50899077326761	92.52777844826893	35.39719820765246	31.193778089022363
AXBO	80.74183642973843	195.79925254890463	75.04337819012295	42.9328119381839
AXNH	47.54514339327095	78.99520676431119	48.617583326891506	18.324218459866543
AXPJ	58.91897970986509	201.53000497738537	51.56478246528128	28.92382703551433
AYIY	70.5067329469604	276.2074395312217	47.583792384371726	26.514887293372542
AYMT	73.81127973580968	283.10510387916116	68.29098334073237	20.363365066735764
AZBL	103.45134599410233	347.7619578934653	75.31571809218757	46.68742461391808
BAHE	35.64206084628093	104.63608670476575	29.6622961840169	20.609776611237482
BBBA	51.62779953824762	112.96624373118813	48.44086922022822	39.229737186914
BBDD	24.32010760061519	62.549633271775676	19.335143543142348	9.702255421576229
BCAA	25.021848345628623	71.65729617705209	22.55923709278579	13.178261993821176
BCGB	74.44779344704172	223.57905736399815	64.84659385320556	16.593491626212973
BDJQ	58.43508705495864	180.4001075780458	49.58950024981377	13.332122073870497
BEFC	31.243921293538655	84.74628313856017	25.259144648038305	27.556441406662792
BEGM	65.4156944373444	266.9981003085163	17.87928166891404	47.580646572006835
BEKN	6.7200801416255755	17.983751680356796	4.580117859942236	7.009509275520903
BERS	55.618972828617515	176.49970295475524	39.38966303488455	31.84039398644752
BFJL	32.9893212466489	80.62032379868724	30.047563672470584	12.270861665241291
BGXB	28.678674434529785	65.50482780006043	25.939028389262482	20.134945534031445
BGZG	53.21546324547482	166.3709789328085	46.169154577762995	37.264981461393916
BHYC	33.050668807583236	92.72216511332546	27.53070732740364	14.21046648224639
BIDT	41.551252007948456	119.76699874789047	35.186484804988964	17.051406451480062
BJKT	57.34283599124818	195.08877762509073	47.276853252647506	31.706618188667157
BJSW	24.905583686957403	69.25769352236571	21.04339459078462	10.479442826322364
BKQU	72.694590683108	231.4198322258574	51.02333781880189	64.34574560459747
BLAJ	95.61877536880831	393.48652671864323	79.0660176709823	17.799867656422585
BLVL	92.30310562930481	225.38941851084434	89.9189184252762	25.601298649578908
BMIF	47.464574831771614	137.43187563923905	23.309293277141364	47.78846249510902
BMJR	33.902966974409	90.86099536334626	19.289628301013586	27.956426159578008
BMSE	20.539579965589706	81.54713738183506	14.290120742483044	12.416356735300466
BNCU	46.780754299966624	88.97804668920777	26.729020335978518	43.157141241562705
BNDE	70.50519217369896	273.95261821614986	58.072255083563746	17.339407172995266
BNTL	39.57984910722253	99.3502053606713	33.954100952439056	26.71227230657341
BOLZ	18.77529909176206	68.9245526487673	13.160470347737407	14.897071439824403
BPKH	118.1787276489677	663.972083596895	72.23545174390105	21.628112553437152
BPSG	35.64165254326165	85.5959851979013	23.111655082730355	21.06331299307091
BRUD	67.61559532913316	233.7340912021744	65.33740032604703	14.005374449498428
BSEY	48.37682887591802	131.18915552428032	39.39522499840785	21.487658746630107
BSNI	73.37932568677736	131.08992908592666	29.142131079108953	104.39093710004386
BSTR	59.98512097539803	171.48280216446236	54.27353284465929	9.16112821329753
BSVG	57.170333980881665	94.97037459753838	62.84023586725549	10.883497023072042
BTTS	19.772207059776875	49.60143785815156	12.930473196991333	16.1793817572712
BUWV	13.90113911286201	24.69063801247175	12.54066759348172	8.790221903658068
BVOF	34.25795181354987	98.88470623505548	27.974005344547127	14.463517039620788
BWRK	40.493036636537376	123.93244342023398	29.89502302873414	24.036840606179343
BXAY	102.92483496194669	571.9091389899477	67.1018177640846	20.866869373397723
BXBF	12.859724971817682	36.0362795244112	10.247524807318838	18.598907128217146
BYNZ	102.57140914187367	327.8968204856127	84.94744709345761	32.340911252734706
BYPY	129.56895801010515	514.4361315146673	99.08137834134789	58.54183985294289
BYQM	103.98177943641551	429.8765425275328	65.2384482853532	10.938510212146587
BZDF	50.99681209324915	95.87512625338701	49.62898110574844	25.54620870954166
CAPN	144.571008508974	468.5173724253293	89.53323119417954	135.88489267657343
CAQZ	58.789658487281635	133.80556154301655	55.17722486896273	31.967743666794046
CBAE	16.571196065749756	40.661054459000255	12.04461140176015	8.928617582139758
CBJR	38.219752251072634	117.75732088205669	27.812898378867956	22.05093766600848
CCID	22.143883257749255	46.932607224683125	21.114904234838452	12.57615693525225
CDFR	20.99673154431707	54.91304738181689	17.438385198531932	4.668560385011346
CFRN	41.55331695305177	111.64243355541626	36.94429843202369	23.51027573199679
CGDN	13.810636525118559	25.77457982065188	13.191579398293877	6.499008495016479
CIAC	24.197499903414293	61.90219453263843	21.337982448285125	14.975289031784875
CIEA	84.62747280562839	201.74412106948213	75.58820442917455	32.85502174073206
CJGZ	57.117097825378295	113.8091420687507	54.40702867586746	28.263937405330736
CJNT	45.16238115482075	124.74313407709792	21.9779261092058	46.523264096857126
CKDK	32.23771528426416	78.09490457012782	29.189438755856308	15.105685102721264
CKKR	36.0739095729645	100.70533818455831	30.004852747893615	23.01582322082169
CLMX	75.21508988610839	215.13796072805383	64.03609307063981	42.042208987998855
CLNU	78.8403075991773	233.95295418775788	67.14395983576959	32.63939148821434
CLRW	33.70090094678	81.33213048268374	29.88741589755885	21.666108542642515
CMCY	125.44791574570048	394.0170033491445	110.80139041804445	15.285603733418036
CMEQ	36.47887313708863	84.66433466324413	22.04014871004168	37.08789535973229
CMFF	15.360408216850946	29.655527634269305	15.792618059900393	9.482400889720129
CNTZ	47.973077302681915	123.31164040624807	44.89634556218331	9.357565685432329
COAQ	40.84446515193995	108.01321446373186	38.672680242968376	4.518971611174772
COBX	45.27709523939739	136.12306020763262	36.04969422956161	15.836405674822336
COCP	114.94713289701161	617.0757124343678	77.14854131547375	17.156123728248716
CPKP	61.375293937923566	183.45903308391075	46.726284829823896	44.52150066795119
CPLT	116.70181376719168	448.34765699372736	83.87991669292177	33.668421646015155
CPOC	33.17583290471838	65.74460306295019	31.583490170886876	20.251588260591085
CQMG	36.55373368081944	127.80076073226306	31.374500038938	8.976046778026637
CQPW	81.59303339325848	206.85323258627923	52.62652315480418	78.53580878202614
CRNC	16.606077401244082	38.655675388149255	14.271809849945383	13.979372759072724
CSSK	66.76856659644726	278.0634426019676	55.398989614623886	10.555438482339056
CSUV	8.554376405021456	18.842840244119465	7.520737579245499	9.900664651419378
CTSS	31.949933065758433	71.8070824678325	28.43836796268886	27.714797048079276
CTYH	56.45833838523881	142.73633125944602	51.033633538159016	37.22431962760007
CUTE	49.8308415692294	122.30606335221118	43.64403098115068	30.481165931420303
CVDF	63.17269299888145	188.48063007659167	50.62666555590251	21.467710730451948
CVEG	42.346172928988224	135.72232320609365	26.728635275747045	33.71621845637037
CWYJ	21.303666351251348	90.97872462524639	15.882259759132218	8.230269381558193
CWZU	51.521049282126896	149.5470614861884	47.08192796712821	19.358478748293255
CZPV	26.41858531936873	58.76572290761721	23.92781503448815	14.440070707472382
DAAD	93.62941542621284	286.74643479941847	91.52870829783215	11.433013971143072
DAYQ	30.561843140206715	84.45611126144682	24.279145918914725	20.278493238426123
DCCI	33.941650005053425	80.23127163710339	31.390523512460597	10.826250983915163
DCDT	34.24745973069526	79.27234432812821	22.438931652427662	32.57602360491799
DDRL	35.555456833245906	77.07214693384114	32.080086631583235	19.325114303659035
DESP	19.968439671221137	67.2838878900908	15.16588078536168	9.715553843890868
DFHO	157.17576055712914	630.5754478144157	37.82511576451581	27.75362771632684
DFYF	34.847342427564556	109.48184318765331	26.5879041549676	22.10877052355882
DGXS	111.18108621048668	299.2132163949222	97.7114479141401	20.388208301069522
DHAW	42.023384968954936	115.12644395878863	40.68370346122532	7.346658287708702
DHPO	81.6664654779262	299.0602396676055	59.864677094720925	24.504540635262448
DHWX	68.44696823369034	133.5026105848436	44.740746824649776	74.14963932315904
DIHD	32.663826058497634	102.35304457660513	26.910457912618135	12.304390944952615
DJSE	23.05392403343362	54.66597005807112	19.442502755763435	14.527333919960913
DKFZ	32.00219237554528	102.8919804201035	26.85845293936424	13.20941874563974
DLAI	17.15659555837555	55.59423620137821	12.096054612586935	19.492209552286013
DLJZ	18.361115440468858	67.26968541456189	11.5048367566386	22.29682891492858
DMIN	82.42684717345936	269.9251020615059	64.8614156968132	25.57999174526753
DMLT	36.058335590650174	118.25744210940627	26.68022397444705	15.66335587035258
DOVJ	21.071081849947966	45.06534474988734	19.908696603179948	11.585500075915514
DPFW	89.57362241049448	229.11607020116392	84.47193210373752	27.445096737431452
DRIL	48.32609982214116	115.22867088287545	42.05037635086834	38.42959354151807
DSUV	19.718604558174537	52.01319079435043	11.404676338053651	30.56371624925807
DTNC	20.155631840458874	53.216206474492154	16.59380036096396	11.727638168854952
DUNJ	43.51859100251228	156.67132303498616	34.276386890830885	19.703934312712697
DUQG	20.950523152889627	84.65008602921664	15.85288522511097	9.577753470315866
DVXD	69.36073181306776	307.52877503742684	45.182051353568085	26.94819605605225
DWZT	85.15983636528043	417.4029614283103	76.36094728912896	33.162370260516944
DXOU	26.872827187652693	55.858960421778114	17.741356028291012	36.774991851815535
DXQW	51.63676766346936	156.0203807194471	44.187590508249734	22.538703179365815
DZLN	47.37526555717847	98.85586335240387	45.3629371472886	23.502646397984414
DZQM	16.555783511176898	36.52100223558174	13.717813833759182	6.985934456057679
DZTK	17.92887500147351	58.82224192083347	14.760410423754982	13.091044944830058
EAAA	61.20611575932373	167.15813274838573	51.16717249406778	24.469174837052087
EAVM	83.84395339160346	278.2473477247471	73.13763901733822	17.836645313477185
ECTD	18.28901923918802	56.052013175702186	9.471024348109395	31.874764826430244
EDBB	34.025276531485396	86.59147106080967	30.754529727178745	14.60032869783477
EDEQ	35.69674459813876	129.53890176038502	12.56853203923585	51.140257879220655
EDHN	59.941990832545315	166.4748152350675	52.30720280297249	21.77908661073
EDIT	65.58978864583676	223.13637125559433	44.889711723748285	25.013504191415738
EDXZ	39.51459960710588	119.9115848534176	29.848131027745982	22.217637630330252
EEAQ	81.42194600850765	339.85122868459575	15.372354842494042	35.02444896715912
EEMJ	36.19286927528409	79.37942332867073	32.37517097301035	23.977546055727927
EFCZ	95.91119449193688	343.10423643261726	75.10417175024361	19.622093653542777
EFMS	17.99720082280187	38.52758265572596	13.259420022360686	15.65482453737198
EGLZ	30.437878800384244	69.48635632761449	26.30002938301483	10.211342294869217
EGOS	66.93428978150703	293.2723326881342	40.700470165801654	22.48925116018412
EHNF	35.211977570784626	141.8595483659282	22.324008546528713	29.842465828874488
EILE	26.015550685862344	77.33077943477149	20.205185811402647	15.412412771936197
EJBY	41.26918459857928	115.1511957344454	38.293664779925734	9.32103950363068
EJCM	58.48838151853503	130.65027461310194	54.41627167448115	17.85001472626215
EMAL	34.47707994035086	109.55113329242889	23.70201618646841	34.65123531653903
EMBR	41.27764795938224	105.00850435116449	34.6603610913518	30.858968111041047
EMJJ	93.52942923148503	312.6769537665893	72.17584762350451	28.093280929999974
ENQF	11.646897526512701	33.490287816533204	6.632961964590781	8.093582122641891
EQDA	64.9688767388286	162.87359569789055	57.85384086083518	25.613345253874083
EQYT	57.69439327406937	111.23458510039731	58.607826421225646	23.116808931361632
ERIA	28.29032219290108	79.47845254749541	23.473139878011228	20.21615666051146
ERWT	48.27595339560149	124.98602709028127	42.27572797243055	30.996788682291236
ETCJ	14.337915214543763	31.97911763618357	10.110473002394574	11.93823256592848
EVOD	10.5232040950644	36.93118099611502	7.353366331217888	6.389101725840131
EWXK	63.07355343689918	167.7152266126281	41.745418289091255	48.02441774840186
EYKJ	24.650658295098296	71.04963087013789	20.56198939377904	16.413325168980652
EYRD	38.1741786646344	154.39617493192614	25.9878187732698	16.762810978290158
EZGR	72.49468229898825	181.92554771519409	63.67684123052807	39.79119135603333
EZZT	25.906432412137317	63.69467321447907	25.241009667250736	7.928080187401161
FAJB	44.20424032297066	78.03654339846574	22.02342237126057	54.301950453117364
FAKD	32.20316304666913	75.62479763716209	27.216244347559318	25.20641917133659
FALI	50.43203182926008	130.5062357038355	45.3084645029207	17.742045050408986
FAMO	41.14008336941972	102.32488149875856	31.97327450647392	26.33339126679412
FCBJ	13.434637445471138	37.836124986233735	11.774685371165123	7.911513905416456
FCCA	28.987871014033356	87.28857569159214	24.024742911118857	11.22667854000189
FCEL	96.58306018569073	373.66220564806224	85.52300645109602	17.130810314958236
FCHS	40.84344511662063	103.81724081004678	32.47850114562762	29.858003864478786
FDMM	49.48247640991967	143.48476300107316	44.38377560444122	20.644367664798114
FEDW	36.1864930494628	43.92301444323862	38.3375613564352	21.90500529370961
FFFY	21.25930475971228	35.683718690865554	21.335287492360177	11.1187188653455
FFPD	46.17618004914917	162.3632934635721	21.848424550829034	24.63604390616794
FGDU	64.0989085748504	237.5054514136608	52.4690293674534	17.741290666744437
FGRF	111.45223950206383	460.32326786268334	84.86795297359788	14.676072131995994
FHST	13.035440583053093	20.229388211095625	12.14802744299538	9.639892544859332
FLTD	41.01020441779939	124.42219733018679	25.109995057676933	28.594678450168427
FMWZ	19.048358404520105	51.981942608877596	13.534866899923555	7.6860553818720545
FNEN	33.61230792902097	84.16563797553584	31.070930055904192	16.55884534299905
FQGQ	54.02776278290397	138.08816929609557	37.74432659665927	35.83454530323451
FROP	48.43586623638521	114.41512173374417	41.914363852032096	26.688236818921165
FRPM	15.36552176628724	30.778911657683782	11.975038886800386	12.983009764600329
FUMQ	40.68709562141736	107.05893854779754	35.47956773610866	17.677899369333186
FUPX	37.79228443518767	86.63560647761945	32.77514396046295	24.080039298624136
FVXD	25.04507735599648	89.86363403496955	19.03443996394877	17.127726909293894
FWBF	39.38293228675625	105.57382389682896	35.03100275360122	20.388008445564463
FWCQ	95.29967556192592	301.5193554929383	85.5563445009094	16.07581353663879
FXGI	54.8603225737049	199.40512269124883	37.64913344472284	30.120578443278788
FYSJ	47.52087504487777	133.60136674890418	45.77295331800438	10.408558213950887
FYTP	61.81687209758622	219.8679213310148	46.265459061332244	39.44051693370861
FYUH	33.01485455893759	79.62479547356456	31.011906307107424	14.47541435031984
FZJL	48.305869285661736	120.32179942478813	40.11176716500058	25.85619627913505
FZQN	46.376064366535	186.219554836211	33.393185156223616	20.517407281314867
GAMH	15.570174990653076	35.76975704205478	13.580740312052566	6.023591482090916
GANB	73.47275791048091	207.1202784306467	50.113446801923715	54.058726359513614
GAON	19.374804076644402	54.25613712355792	11.303116922797061	13.215611995346675
GBVZ	8.61081690820008	27.0489320098045	6.077787320748008	9.346435868115949
GCFE	38.30876860524257	90.55093736131676	35.370551464587265	11.904370866124546
GCYL	119.35350727674714	398.6927899391287	91.27874933536576	40.00895168028563
GDKK	114.8927886222612	410.6940216879217	100.2389643032318	9.124649556427974
GDZS	30.888270546555997	111.50854771572958	20.092023950188647	21.281348247809706
GEHT	32.78546373026246	88.32290855367222	31.10604677787798	17.168093394428066
GETL	38.866466492403376	106.08581216534787	31.4398458699466	25.532838421815256
GGEA	16.41389547732196	36.11485348891841	12.55773079613232	12.670001367710404
GGJD	33.30748290790449	77.86973655826287	17.051732624478813	63.714081186730986
GHLP	20.00233118706132	84.22219921708448	11.004722431812898	20.47714302900459
GIOY	74.45803599069671	169.7583534511873	67.68249446047248	53.186258276484246
GIPR	17.84552184913542	41.30430741969926	17.143549924121825	12.486488438355389
GIWN	71.66519352239796	251.77259011052075	52.483164921233566	41.99685723518357
GJNX	56.777861990937424	181.82189711132548	43.55078238980563	27.5556192953214
GJPF	31.220967852983964	74.51557325132593	33.55518071795038	7.576714231594899
GKAG	14.562773236428042	36.32376751786754	9.496307399893471	10.119269078448285
GKCZ	11.97088327585836	20.888534979434286	10.145097305049275	9.89778883397449
GLVK	34.50321229076	130.04482345995174	25.67236931547593	12.309408341186499
GMHZ	13.310756336713776	28.29749188150198	10.958451963625818	7.885444686510688
GNPX	56.0815673063483	118.13334301092358	51.14769824267208	27.237986653815483
GNQG	20.049441003218927	42.811650044181214	14.368539537668704	16.006513267620996
GNRI	33.386553126598386	86.63606093952122	29.21614598056026	12.792455893356506
GOWD	19.762565489707004	30.47619473673321	15.526286665583507	23.42991028058746
GRFT	36.74558704274734	91.199630463835	33.69791850082514	16.308772409765798
GRKU	48.946151517922864	111.48350731573356	35.46245679382285	58.34315279186736
GRRW	24.464605670794423	47.128276724351146	16.636461683951506	44.00102476070824
GSXD	39.0437578905213	101.15179634189501	25.73028307196397	28.55739210325639
GSZA	65.65772104756138	147.34600932016383	58.58243638098556	34.76213206455843
GTHK	15.376583823401203	26.748358898163083	11.584978186419093	16.384259597522878
GTSV	12.565465232423522	16.047042797463142	13.859047606248499	3.308191081116845
GUMF	26.56985774869768	98.60906033292332	19.89507262179754	9.443474711288609
GVCB	51.84715253247567	105.28181597972338	49.662176493167486	25.211165242670507
GYFU	42.56712716607004	115.57234973558884	23.694098023600617	52.53202023339028
HABV	15.916606775332196	22.08037255610422	16.772650994506957	7.922455010358609
HAEU	46.84819598990597	89.5695272309601	47.00369328452205	19.014391581866334
HANM	29.182762583869998	94.28523124807636	18.26546006215913	30.566792945730025
HATH	106.04168170899534	630.8667138083551	71.48925182110432	22.27937500783259
HBGV	18.067857165875925	35.46916842534627	14.318176714334138	20.139922108851245
HBHB	32.54759480971423	62.345724807363894	28.88911984201847	24.839908362748186
HBUQ	82.90266907599279	348.69494111271456	54.77420180153617	19.90678723442049
HDSY	32.177752514827006	70.55506376840103	22.767184955794445	42.09664885417132
HDWF	17.793228404532325	68.01464243585814	14.574166097271604	7.475648076391156
HEGQ	46.47797706747416	119.39318414160032	33.89933977870905	31.83344321571446
HENI	45.04691176962953	100.9835961292272	39.30685598357892	28.23397186331628
HERT	15.91073960977992	18.636985865856094	14.23035865609362	17.999954608810118
HGSM	37.83432893576493	148.32794537073198	23.855565848790448	20.386578207173883
HILW	17.691329430212498	45.381733974728505	13.188073902863076	6.256375544602594
HJMP	24.368978740469334	75.75281995132882	21.19945997453056	8.86196462907945
HKMQ	50.006061885919266	98.62172931281148	47.29341861990815	31.704920960971688
HLJG	44.948227253574174	116.55695608271496	38.00114003420103	40.153188201023525
HMHL	29.49272629691588	65.53514732886545	16.608012701808114	20.364737105235015
HNCF	60.15229736421597	198.44752471097394	50.26975331261056	20.164900629265546
HNDZ	50.37229852431876	125.22544593905117	36.328408011456666	44.73808581857302
HOKG	108.9201423048615	401.44660954780994	85.38729367298427	23.34230919432577
HPXA	38.13442718634954	79.03328294773371	25.96020402681195	34.34923761501696
HQOM	15.98253366852831	40.40882959865951	13.208577334692436	11.092194337520116
HQRJ	30.474852539807273	90.9175418757004	22.778558689139505	22.9203812805426
HRUR	8.758567058493796	16.10830084431185	7.177806078841746	11.95466909027658
HRWG	14.074809671122729	36.79298541733018	9.193690370298864	8.940702045382288
HTFH	46.61392409331281	135.9103333217339	36.85115830560786	24.670826886197645
HTIP	29.32813405268586	82.42595660765868	25.578144980870967	9.86252497791652
HUQC	32.39877238106105	90.95991433810173	24.142008659827923	32.635687816899946
HUSX	44.46624317519343	120.84334437509774	42.02110670098205	16.055069494216845
HVBQ	28.59703625111006	43.229705362413725	26.83532923195383	22.114892670622673
HWUP	130.33499394034388	476.9386151947032	99.28066986411054	14.84353230188776
HXCD	41.406523000402885	114.91380628791633	35.35708135020498	15.406294438650166
HXJE	139.60847243722932	429.33232447321774	117.3164957719135	34.472014246647596
HYZL	37.57004313750429	85.77575470454069	35.280439471599074	15.382923100978143
HZTS	54.8396504436049	194.80690214000762	40.38683409715147	25.524935309303658
IADP	42.94292240759565	195.19786149898403	38.75975571734689	18.409824348617096
IAJW	16.321468882927107	32.97222727635925	14.04476255620752	10.803734701496134
IANR	66.59722862753073	204.20516320986343	57.11476549674686	13.074325769208011
ICNN	128.80521960028645	393.2434480830015	112.9155580586451	20.147344244239537
IDAU	50.25335822383992	110.1867017591052	47.04498676859747	23.402794126455884
IDGE	32.00126657644555	76.94558664597685	26.314998258833757	27.643716611137233
IEPQ	30.211383505980137	116.79927978151973	23.77421128437513	13.154090302323999
IFLI	11.388242625687308	21.800820437542466	8.811955620788506	12.693348253941094
IGUH	35.1756189057579	69.91170249075005	27.723126794607225	26.694533438312487
IHCQ	24.61703162250927	40.86753960890634	16.67535834786139	56.469975679625726
IHPC	59.13104884114672	193.14417632107407	42.68677346631519	36.45270879428109
IIOL	19.10878234560267	37.625095858023116	16.178701321677686	11.554654985338427
IKFD	23.574323465224587	61.66417984120881	20.945917640651835	9.30645331808564
ILBQ	15.821948485126672	28.663899757284216	9.780094996745738	17.145518638520585
IMZV	49.621550038839125	96.02959838670274	47.07235280618958	28.423873302877
INQX	27.018811224868298	116.88099623860911	19.85975090099187	14.494069255714287
INSP	57.163202658992034	177.0282085913497	45.60655900501165	24.555569086927708
IOVS	16.690509487431246	37.64601830215981	13.661817559186119	8.829764444918778
IPWB	19.142492660255463	15.740300777472482	21.014856351941845	6.99848455892051
IRAF	9.821170189409742	25.779552889413868	5.5252678219143725	13.512066401577602
IRBN	33.013818356186874	50.079720350951874	25.014216153901128	34.34458097860862
IUSR	21.280194658109217	71.25396350171978	18.7329137428268	5.611915818269704
IWIS	121.50467477623582	414.64097274772206	95.79509826753413	40.26317475132914
IWMW	18.965521134138164	35.7868179256171	17.191137703147472	16.162693674527798
IXEM	60.04369504868128	261.2035590621992	54.6568919279028	11.763169750773722
IXLH	42.158025328993176	115.88405204690034	23.367896680758825	51.14526504442685
IXVJ	35.23307042292829	90.85375611113021	29.484531658282613	25.567507350658364
IYDF	55.43151258377601	146.57892771609536	47.046461064159374	27.156701574457777
IZGN	18.884984990514372	46.13845304289136	14.129216079767689	8.905259590723897
IZLO	70.4825692180925	258.11945426714794	50.57386252294801	28.896363508659732
IZNU	48.271466963195216	124.1785205813865	42.442890483134974	31.821832551341263
JADL	38.94896567938006	89.55820712529574	28.330877320871497	24.77562834037934
JAFJ	55.77522429074787	210.78550989630276	40.42422983420452	28.02877731053989
JBLI	51.754228445211496	143.7410509603757	35.39666629257786	44.0652732597758
JBND	16.291296234427755	37.73732557162614	13.248051358537777	8.06229549677384
JCLQ	22.52739013849417	93.35633649951451	12.704485357766934	13.614712706870696
JCMU	20.546142644932427	43.42616803933699	15.616837508844712	22.631896808609174
JDQB	9.35809985654033	17.795930695912272	7.850970325157977	7.316752912067659
JDTY	94.99377461060573	304.47567622846833	75.2605912882347	27.152085619576656
JEPE	38.660223977241216	104.19782091427432	34.56910217359842	9.604433585230078
JETM	22.040844170477463	56.71601358695522	18.231369146010564	13.749441543515974
JEXA	24.503842599177823	52.75549432432866	21.785246486448216	18.374898780737364
JGAB	53.47901832957179	226.77565074469274	33.07165488478754	23.343071676801603
JGYZ	25.640522885674944	93.50380689464829	12.154948065173224	35.779867550772494
JHCN	9.460298650044342	26.182876922150452	8.45191844462162	5.573892630106266
JHFI	35.73498013903526	56.40092731480198	16.293000282683558	54.133528214034904
JHUL	128.92201120613532	522.3978563541032	96.87730324412365	15.337694437772113
JKAA	29.88798651362713	64.67254398127335	21.00090039788532	35.58974127542259
JKNQ	45.752215230465616	84.93892163486554	45.08766135359483	19.88786192225761
JLOV	67.39475363863055	170.06585800351186	64.01087200041361	41.19308351650525
JMXW	38.22862445334338	129.39913741610718	20.618221608041782	31.330546371940944
JNKW	36.774085966443536	80.69568171924273	31.320176631539503	22.460220703112714
JNUB	51.64991123169845	198.45668915325663	42.706026784331996	14.475846624147415
JNVS	30.69600131463876	123.36690955401183	18.370836709130792	24.37466920091799
JOIS	80.50512149820645	172.55008032905766	79.24696365258765	28.477986516422803
JPDJ	56.21779763089607	143.76029691563295	50.73365086961706	17.40934288707294
JPYU	37.78434292397916	85.32764220844611	18.315535388903072	37.489248829295164
JRNA	14.95811892901198	37.33203694378376	11.322661050626786	6.143758574863042
JSAG	67.7066535060697	152.9448817554875	63.237640886738866	29.26878487943764
JSZD	29.549906460074006	69.87670566617061	28.387367874431643	10.214669798030442
JTQQ	56.78597810418638	139.40240722611387	53.739248021493665	18.052096710005372
JTRM	23.295439706031708	46.25396367058622	23.139287192892297	8.022093217842555
JUWL	20.588461337619133	44.167069638597276	16.62951701854378	12.2210431605739
JVBR	97.48114613748187	260.409277877299	90.54531329622176	23.56807215898674
JVSZ	94.48376575037406	267.9070425747889	58.61850044642395	88.65761747536574
JWEY	29.18885539096115	78.36495317062074	25.398775859421864	14.821846696228016
JYMN	37.69389108646874	109.21749792807982	32.15266336744615	19.143857251619497
JZVE	23.975227383328267	61.61709596142174	19.827157238019247	6.744824636543222
KAWQ	18.08959383315507	32.40904599426523	16.22101630164629	10.4166855374738
KAYP	168.41180190583174	321.7450801511794	173.59164001209055	42.04484421707075
KBRW	45.9320452836198	95.75931149055039	43.204473565801756	28.87339617307195
KBXS	28.76477179199881	59.6702729209792	33.053952573221416	5.910909382977555
KCPT	57.696845975367125	209.54752955769928	43.15223069395866	20.489780666812372
KDCH	109.36897856889064	362.64494479285327	89.6934963897328	26.471945453353126
KEFD	35.498677843695084	72.78474722837083	31.458991600790448	21.745845707091263
KEGA	62.772132488569866	79.46839692690541	65.2544138331047	42.8702861175296
KFZY	36.15277062666018	74.40667713454657	32.51789463146584	24.462723325846486
KGJF	36.27082445611014	75.93389795986973	33.18809944926161	22.002099366981266
KIIX	18.141393066600966	37.45496089976621	14.690580719270502	11.050828284695458
KJAA	56.36574834883449	146.0839811316361	48.42703653904321	21.206268873344715
KJYC	11.538719171202274	27.065776603590876	5.848934838496815	23.98422847628512
KJZG	45.906843124926915	134.8983870816597	23.433897317642455	36.07718635592184
KKDQ	34.37558799299898	136.43416164572636	24.158874249669562	14.536356674015142
KLGF	30.999160588845708	68.99444457728573	26.356631990886523	12.57651818432145
KNMB	17.97286702816173	44.459356135468695	18.695907705494392	3.1927985061351905
KOFB	96.47247475718116	281.970997558618	84.23323502634662	31.7283387586656
KPTE	37.979333964444066	103.29587369750907	32.932170894909255	22.762653639354678
KPUM	47.495792863671696	142.34875444839858	36.393114307998324	32.833816329194974
KRJP	67.59468249111599	210.8802555148101	64.33805667748842	16.035292736059553
KRUQ	25.376673715560315	49.588644437186645	13.270413877668016	24.61981373212369
KTAR	29.413532833643085	93.99628349279101	19.33732653105073	28.699041851906827
KTWL	41.51927656883631	180.9382014169672	25.68024672934388	19.897480122669226
KUXM	12.308179695142442	19.67204288643399	3.032714606035209	42.812437603640234
KVAY	18.565372803278745	45.933025342829026	18.682286216535083	4.024274423321475
KVFU	53.13204301007255	172.38090203478416	37.33070646173999	48.62577103585588
KWGC	39.22806854859487	150.76031166268066	28.251930012416864	18.45680053999325
KXSK	81.46843395705834	280.60213917866105	71.6175546999645	13.785635272972216
KYAD	42.379067546328656	115.33688632610392	38.653638919105155	6.92910039489573
KYNE	146.48888180859294	543.8667968359636	127.87060823373912	18.843075539870938
KZED	25.887156971242742	38.598251850084395	31.22540584058593	9.39197730341722
LAPO	8.877461363769632	21.00764941034154	7.899112810795137	8.959679649640687
LDEL	128.1294713800358	417.69961430594054	96.96231245630977	41.081290128299734
LDME	64.74288698696202	236.94780156463236	57.65838826300485	31.29420306182483
LELS	82.03735190182422	219.3978790243978	65.64665450220276	25.13823005106203
LEMW	78.47189734781584	194.09670129993967	71.51245962274116	17.825626273669748
LFOG	36.977525987115655	152.14427289666813	26.673399472883318	15.972765370192796
LGDQ	25.984583336435904	47.383399818166204	17.497045968913365	37.84830656784244
LGOW	30.55273020114292	52.84954132858209	20.420643064970204	26.806152187294337
LHLE	50.6992099392723	131.57241210676327	35.646039915926266	31.950028495691
LJQF	12.8317973325121	14.611623059089403	13.908782107508445	5.8128865050518135
LKKX	92.56205549611803	295.9196458534417	64.10576919794596	77.80078632900255
LLQV	91.05540764071081	244.20443961216898	77.86366626815068	39.3997471170254
LNER	40.5297069120598	106.9146166076337	35.576266390658745	19.03899919303934
LNSF	41.53530117982362	94.56962917347133	30.31371371645715	31.055109282133277
LPGY	28.616900258302643	53.93924758213611	28.748960917891214	10.24374653419909
LQJY	19.256553788294575	75.76319745601712	11.006124212334703	15.618072049289978
LRRR	50.64870221246812	143.95686762723696	42.06171418740119	30.318066839210154
LRTN	42.5973000929898	122.15707702168784	32.34951757387542	32.62684720801499
LSJW	105.78043895490019	362.3016687994018	85.93725371311554	20.824242225713725
LSKK	77.15228684111713	318.58735596042317	65.05354057676772	11.902990626394882
LTZF	107.5732522443316	321.7111852044685	96.45582757526041	20.45576310659498
LVUS	33.39455535169546	63.71337588486698	31.63293146329987	24.405593852502083
LWCK	20.904154128386313	72.80488624793705	15.28111297047645	15.473951890393858
LWDA	62.21431969605352	184.93426227441122	52.418398707256806	29.593872549404743
LYPZ	40.16673828089853	116.55669795598645	34.75111328213235	12.358551674462852
MAQO	72.99177828631157	178.59991890598275	65.92719589867849	21.738475765887383
MDJK	27.243285023624	57.13231163227468	26.04180347793087	14.1144007466518
MEKP	132.59454037748256	488.07548639398885	52.917806434805264	35.400146598254146
MFEA	21.77347546083637	45.83611624039079	18.713498046140682	22.55873165787127
MFIN	86.76256757345391	311.21772852353655	49.958967963164916	77.74076964197867
MFTM	16.727393565073694	36.02806371942824	14.453989778381167	7.31533414333048
MGVU	23.038208839125822	103.07556717530598	12.596803160390676	32.01661204785111
MHGD	30.363283676351685	75.98576206570155	26.337785067990154	7.745805152904472
MHYG	25.05185706669886	86.81718233030477	16.314075776774423	13.305003013758249
MIRS	54.320770770760255	120.05793723754732	38.15298490119872	50.698473451482144
MIXZ	27.2296152116764	49.420495824386926	23.590403280101732	19.586336571607646
MKZR	18.58823335291294	65.86442010746653	13.054526913513417	21.60789461488619
MQIV	45.83654847211916	109.10612349923473	38.09456141143703	27.995980163399988
MRKX	91.24830045102732	265.71942611985054	69.02636921352246	76.08531286328352
MROH	36.90193657059225	97.8303587844072	32.499231164882566	26.821903328240577
MTGC	42.25822005662725	111.26200391919079	26.84047539771658	48.994021759166735
MTHW	89.37053916757147	268.66075260283475	67.54608888995662	22.352497160803008
MTII	94.92779035291868	297.39873661705684	88.091183430954	22.174031991135184
MUMD	86.39616765918662	359.52135339619116	68.85696194805281	14.939518484993663
MUNP	50.222384447959335	227.39874525733438	45.54445322891748	12.930767745862385
MVRF	100.29181043264717	371.3620053548289	84.52462933616535	17.224272153203835
MVSE	35.93655830142375	78.46911374905808	33.28061135833335	26.904838076900877
MWYQ	95.28887301768933	450.79466784310944	88.84350934173813	14.104829567879987
MXFG	21.519871926937054	54.217835561595365	16.679766308229272	19.350342573266317
MYMP	31.773974583231364	89.82245370935689	26.789391975657296	16.101956416980947
MYVH	34.62240636094975	123.37615514051336	28.420332699391455	11.478138245976503
MYZV	16.48990217254663	38.75067813686739	14.209930246610181	12.525689119117166
MZLD	27.001150529543995	92.09942770832536	17.54497812850912	19.252288696938045
MZOB	32.79676572229202	79.17300442094005	28.097057228118395	19.967460621766502
NAUM	39.23060373566969	96.78538110588052	34.94849270280688	27.17534793835217
NBMW	53.19974892780362	179.40650011722994	39.740930845826675	24.334409176648844
NCVK	76.71918491880872	188.1787433951737	73.07100946075067	21.865558520160864
NDUV	25.315229750853042	84.78525383798896	13.815507710040125	16.530338036081194
NEBM	96.6099066097513	316.93065411572707	76.96014196705993	21.14917643464309
NFXV	110.04108252369403	319.94742899729533	99.29275474383076	18.209158056450306
NGRR	34.131243974263604	83.14717604474426	29.888147167338992	23.462003902101703
NGTD	56.98356882369344	172.55959008643813	36.69938558042645	37.41793682622085
NHAG	40.58438644748396	103.19728947296322	36.05637725414524	27.398088352746473
NHCM	51.85647907659572	271.29819004617707	16.739815103617747	20.948420333933335
NHIX	90.10872463626309	372.7563279399595	75.61500619595331	21.299543221614
NHUA	38.46825919392312	97.10687136095281	33.31004090591109	19.50295687921896
NIGS	27.344146983309724	78.35223709079679	22.318642477498763	16.97825400971787
NJLF	45.21566854607285	128.43087330948774	40.18075105859879	15.832554899384112
NKIN	13.703521468893394	31.22376820143568	11.18664469202862	8.420668675030376
NMDZ	19.76777137727864	77.51889588119735	13.166223767744217	17.74284846153486
NMGG	21.538569625788963	66.23335200279584	17.35045557186995	8.59691473923838
NNGU	33.76313605752695	79.6401075666996	30.123189871900358	20.414444147163398
NNOK	118.41306932650666	753.9352472327307	71.58837545089516	14.205127048149532
NOKI	37.74723210882015	82.4915407861929	28.919505554043944	33.95531692513383
NPND	12.425211753789178	24.422410003419134	11.967283133445994	8.732404205525865
NPRL	61.01532414441211	167.1005721109433	37.73907020112902	41.476449503823964
NRWZ	16.900249556147738	23.810803960274363	14.423256600811351	16.086945128922768
NRXL	13.500649662243136	24.426712460584167	12.123777497328327	8.409115294109585
NSPR	120.96861072223193	536.3935596174565	105.96631086439982	27.461412847145137
NTEO	47.580224226659595	99.77029078288797	43.705868383533335	26.91234067002649
NUZN	52.10460542294963	122.95152323018243	47.126008584944984	29.211442155468667
NVGZ	15.308175955471578	36.63354304178502	11.66114680800774	7.345476104903892
NVSO	38.73856350511603	108.33558665481728	32.970772587628666	17.205818147406546
NWMY	36.38941824134441	123.40267352270722	27.640377800968395	17.72913802830457
NWWI	37.31065781447907	106.0986717647412	24.79625128194392	36.494237685711624
NXOH	47.90884074872359	125.26274960525751	52.44157484146912	13.950316484391474
NXTS	82.56197851804072	223.1193524958615	71.20260196077786	34.20767840380753
OAGK	27.078277594628357	113.6241959942068	19.29543195951632	8.260291528986317
OBPL	44.00886112795255	108.06618343586241	42.19840844545456	10.769373670535243
OBTI	21.26285437546186	55.32937706841799	16.840133492222414	14.606314871700377
OCTM	18.1336456015734	54.527375950219714	15.620109358731133	8.563177808458839
OCWZ	81.03095382436089	311.804487834249	67.34163425895822	13.757912710629821
OCZL	41.852961647090055	106.61000294243608	32.06914863012859	22.03706589509952
ODDO	79.67581571501357	234.15295239243477	72.22064050727981	16.18186255935035
OEKO	34.35416514179707	83.68723326334037	30.308029941924996	15.470563560986193
OFTV	34.18921538637377	60.04253717774705	25.49450660473475	37.286778830448114
OHAE	12.052602298437845	31.958843679013153	8.692477529945585	12.605641686985253
OHKC	32.67443497683202	132.9671011005642	20.619332149299744	20.587455356717612
OINM	43.797396841994974	140.4801298660756	41.42856014572514	12.085788191009023
OLES	53.474331815194056	179.15006153461744	38.691276925361436	18.47777288342984
OLXF	48.2142414849762	174.5465668075599	40.65601488861426	21.0590251223086
OMDH	37.971665752702805	123.60380458539967	28.14392323295833	26.066675812868706
OMYK	60.20121130639674	179.33827343588527	42.71743984984148	44.59553478439186
ONBE	84.73114696411936	357.01567681338	67.03696407642173	21.62001148262832
ONLQ	39.023232700015264	116.59954275705233	28.126910098729155	25.966077174890806
OODC	38.47208623837017	131.21490001424618	39.96003996003996	12.275543872355387
OOSO	160.62880545476241	431.18956220928413	142.6825921836789	33.367423717898454
OOVX	31.7953355900804	91.97005608257378	27.246037653243345	20.47363389677824
OPDF	68.38146938498271	315.7910839829451	60.66911339825258	17.5736286223642
OQBM	40.48349064849767	103.8793458396511	35.43859970245813	26.356711736643735
OQHZ	18.227730066444572	55.91795438143384	14.765427294284308	12.097144004964893
OQWW	39.582144158983056	114.04776375979316	24.448437183005513	35.46921429224601
ORJE	31.71095703230931	94.95603227977564	18.11312365283643	36.94465181576594
ORKS	35.772891635661644	96.04847103877727	23.82437813955492	26.705147065713405
OSHQ	48.37171828463452	117.98784834410064	44.89496369905838	20.746048655707913
OSIP	99.72266952389849	304.62387928036947	90.34496990144154	14.663267232546588
OSMU	20.481910815266044	60.21118043084278	16.117599560768138	16.967080393497444
OUER	32.25275635436405	86.61950169178715	27.40960714105076	23.42403640764516
OVIJ	12.400489567598658	26.061961894048878	9.70727182518282	9.559154437447535
OWAS	48.18093651306791	146.94741707814322	39.988708336647534	17.09584009365264
OWFC	28.01913431584835	72.52728491434614	21.603412475034556	8.495100643774173
OXGJ	12.812520861295507	20.650178315354196	12.227601382321476	8.209454657899197
OXYP	42.70641901532542	93.79620073084327	38.267763301395554	28.942008281210043
PAWA	50.27392273979575	129.32970005986016	42.36674076226873	26.571443549925707
PAZJ	14.579570639959998	43.85231636157331	12.892422049193186	9.217795327574288
PBUU	72.09731496564525	239.4953292616552	46.90233483677804	29.17855084727217
PCGJ	55.406462202953016	195.2217620370279	43.001733193233314	21.940764970165954
PCNH	49.40620360500971	187.19796560331247	27.20263074941813	27.362146516706773
PDQH	36.587438890760716	91.20657673369529	29.691922799625036	24.105008429083174
PEZP	55.560278922387674	147.51559157849877	52.92740650125269	13.468010760739583
PHCE	53.69204445278984	140.72009743856356	48.43591371453982	17.459861717895194
PIUF	39.14822783957678	58.38783607548166	13.550692297544783	66.924321093801
PIVW	14.406687882584501	34.08969015327332	7.830276430449977	16.870370533086138
PJSX	30.94103466983934	94.56014929378865	24.681363595975952	13.934858686449818
PKMO	43.087589777241845	130.78703614133357	37.920141405430535	18.5602917496787
PKOX	13.966699206971608	35.9608657110436	8.678063286059889	13.40663376489152
PLBZ	127.35862626805068	404.70272223222275	107.13317298547113	20.2402613158947
PMTB	47.56815547354316	82.62702061200945	48.03885579473554	18.8881909680911
PNZO	64.32543800048407	159.52295349055655	41.54367638303033	63.054698580264066
POPJ	40.62160306398369	117.73045674418047	24.046359977870328	36.65942341492441
POZS	37.23691655010876	127.60071008512158	28.620433159928915	10.823215487987003
PPPZ	79.69609619224465	252.28316262172663	67.900999664158	21.06021389852029
PPQR	72.21707731269423	265.7890819408166	61.275673698243686	14.006183333540342
PQTO	12.582134128803814	32.07330577329654	8.157597950548247	8.76319807337107
PRFO	57.86065700179817	188.92115743060901	53.55792376092562	27.39978255532564
PSHB	34.10067660425222	78.17898248869761	34.79197662309736	14.590796551100466
PSJT	86.03102669354745	283.3857805059245	68.85754204245794	25.309956575345932
PSKY	41.723477083551835	119.20969391556432	25.203898902427778	45.57975881496818
PTBJ	25.599607864367403	73.78094914408976	21.631677428426187	8.740964689946063
PTFA	53.693731393554636	148.1757405442783	39.409500906820654	52.15090084716241
PTLU	57.911396528501335	174.01234608034324	48.96389487832026	20.51936498522606
PUCW	35.757703366271464	91.54150615117845	31.921198083783697	13.870395028850421
PUDI	30.296872460135084	87.71464368903968	25.69415843018088	15.723391177129852
PWSG	93.44489856502717	381.93183943324203	55.756454749908876	14.939337501896711
PXYR	22.214952531340394	67.48552648009841	18.695576826832525	13.604714698059176
PYHZ	15.394442530742324	48.492501973164956	7.038142482812325	14.3165259393664
PZRT	47.57487883031586	144.89973820518455	36.62213686099458	23.748288917230163
QACK	53.474488566521636	164.07368836366268	44.77729426017176	24.064508080291866
QAUE	48.1783827286507	130.88873854974474	43.64079330585359	20.201563760521093
QCGM	13.339506464246874	32.02578387357241	10.941250986390695	6.86230674296694
QCOU	5.014949564652228	12.948213721982532	3.191485145688316	7.07490618443696
QDVW	57.09237705764661	153.1037589112973	47.55972164864851	26.56102782484982
QEHE	22.048923443470898	78.95533759736576	12.083403009912645	26.163484714529126
QFAE	19.323644141998347	30.14537851898673	16.29532911923746	22.31541363513878
QHBI	18.59727171013954	44.325633244322894	14.77560450049495	8.693282309561699
QIAD	28.32053278374938	158.89249916782566	19.809644988359338	11.070445674001943
QICX	22.240662804076063	47.25130531730939	23.029205580460317	6.048328485890713
QIEH	88.7957658993831	259.10834234796624	80.67366834874866	27.93113522747396
QIKZ	34.56640071193347	82.09825865272435	29.472256221891374	26.45800740699699
QKMG	70.50381671018134	214.46443464792088	49.11072888789037	45.63074159475174
QKQO	43.29177323103154	98.70255829834048	30.68811897532968	25.309237230849078
QMWB	38.37484592520872	83.34512254495172	27.772778449637315	31.149499445471683
QNGJ	17.98248482522608	29.858891672812803	15.31082338509546	15.662038791561205
QNOC	71.76158719101319	227.4298300550201	65.17714999668932	12.351715834972357
QNPH	96.44541964049681	326.41735428653016	85.2316064854919	22.77681158335034
QOXT	24.502838764893315	72.70295539269782	20.90920179122162	6.693676509546342
QSKP	32.87457719577668	59.778983812626095	33.01872065581052	18.03540349706474
QSLH	40.50377771819499	97.88127387390928	35.007791516729306	28.92782173083123
QSNJ	15.104094144843371	29.596044738457447	12.978454006558739	9.753519819661784
QTJY	35.13727384722019	92.48117644369351	33.34947209572252	13.642926102689502
QURC	32.7855528600245	67.13032211474854	32.57195385881144	17.104001196013122
QUTB	51.636309183528496	135.11125509888524	45.49095887738175	27.328271096449278
QVMR	15.432697943029584	71.17748015705311	5.830742715227768	8.565251327959329
QXWF	37.81832690303593	112.15919595876397	31.2849236472001	13.881562508675977
QZXQ	31.612099212618563	82.66348951341755	30.752453776123584	21.053508406986285
QZZU	42.58250270302781	98.69800284231037	38.73681653463277	14.29509494449326
RBYC	16.32780536863151	49.8620197556761	13.254578955361746	10.08328160399802
RCAH	87.71875399147075	467.19908485609557	65.02866831313128	15.750479533621453
RCBT	21.014683609973876	26.84514279211923	16.42576881052473	30.838568630450457
RCUX	71.93993051848916	263.3525177131821	59.98260297439164	21.640038964615087
RDOO	50.45053334658933	145.2131451407078	27.64527055097482	32.34255683759655
RDYY	78.9962796773653	327.2897188732372	81.12273870365864	15.47947064973292
RFMZ	90.15421251300273	356.9735326498533	22.80859313746454	15.085935523113864
RFRB	25.410678741650376	78.88131946934385	29.055310859050383	9.481866562323994
RFSD	36.268929233022995	75.10611868686131	32.634710244287014	23.87189808998291
RGKI	62.604566580538574	235.92094157366594	35.21204357286785	33.73961452490405
RHAU	47.55732881458817	112.45385816287413	44.96210674617843	11.113514289842161
RICC	53.70820425230077	134.09422717936002	37.97252547719131	39.77216887724032
RJIM	19.97116328731936	51.62269605416942	18.802132366050724	10.682115707203945
RJNQ	91.7421080563501	218.61990371421263	91.7380208566298	27.00494665336005
RKFX	28.781571015135846	80.70762588357431	24.07285996461499	22.057749025093447
RKLL	19.433428057352806	49.237201055354646	14.675237005077632	19.59227466510844
RMMV	10.21113662599737	20.984601753592024	8.387727452586171	7.190976578989282
RMVB	34.08032486630499	236.79971238341503	28.903015510536694	13.16850862587963
RMWJ	104.43788333686304	188.9463299498518	118.28243617248323	28.188297829501067
RNBN	115.94253120016403	453.6125186770822	76.93471793280641	21.237498688843452
ROEI	44.984214380868174	346.65231827505806	27.40175986046181	16.1468579800223
ROLB	56.76388075898795	108.64083057178237	55.38392713581338	24.467365641499885
ROWR	18.586217334344827	44.28937951100357	14.975515703372775	8.397529038428456
RPPC	19.979794142012896	54.22746969780531	15.974855825888842	10.458212834538962
RQNK	6.48222816671453	20.78395412233103	3.780404997695407	6.196779938639962
RQUG	21.493385553976037	40.02832439041104	14.106667243757599	35.52005248476919
RQZP	99.66047152917126	379.50263540704293	84.08904769253833	18.734937110563106
RSCE	20.86153832204378	46.1885544762008	17.727355366866746	8.793047983994661
RSPO	78.81819905720225	192.58851291722863	75.63378664633805	39.69110588895658
RTMU	42.184426515008255	70.56993802516853	32.30694360253421	44.49205957981134
RTNA	57.82258679584434	120.67222825729102	52.19416364777153	31.26205667116162
RTTY	33.233166992433404	81.10027053826096	26.622635879199198	28.53776203912808
RUUB	43.204872740003616	169.25647024385952	29.013946745265912	31.190174019660564
RVGH	25.861852650079793	71.40271463157859	23.553117494192477	13.56948570502461
RWKR	26.819682665945738	63.36145433607654	25.9783604359415	9.999935714698976
RXEN	65.41316817393162	194.6586882150258	54.286029792585445	26.44408010378524
RZTJ	39.29776316645397	142.27815622060714	30.227029769825297	16.90989982625078
SALZ	39.44556341846118	85.56978215734931	36.40357936373915	19.40266135218533
SART	108.10262946907976	426.24034986113736	88.11466870215887	11.290737333133487
SBZH	38.708434734615714	88.32050618566062	34.28506727925907	30.094072188782622
SCAO	59.39861673682159	214.85288949824567	44.83471888397442	29.148856660661128
SCEB	19.40295869044907	49.88300168695242	14.481473881275331	7.662789742053256
SERM	46.61468377575931	163.72286534275864	35.01395240894907	16.170519599221024
SFKQ	77.22118761896492	252.49179140839294	60.19333656850666	36.00812732629533
SGTW	9.972308089792492	26.1116709126029	7.40257991298552	7.4623617131095035
SHEZ	29.488082860440546	60.39296672347533	26.161197676954945	27.72697250177502
SIBR	40.03640516460078	80.7871435790314	39.08604913640485	11.615484250889057
SIIK	24.255119839478894	46.058790847990316	15.1320284979995	45.38643923320682
SILJ	35.59038111662389	81.71771322806345	34.062324187651214	7.739869911469232
SIZE	29.68726407537549	71.23091922141887	27.668729577427477	8.680521304761266
SJAN	57.25791564304027	123.39864298145783	54.80536570087118	24.966481403694427
SJEV	33.16566706728028	91.58541396607113	25.88040091616619	15.667427393381276
SKNL	63.82420182599485	203.78621310480085	54.567612303177654	32.04703339155211
SKQD	27.926804275636698	35.967246416018355	24.621350329777773	28.998841364474572
SKYV	32.21509293051861	85.55128224772587	23.26749973264748	23.499592642888164
SLOI	32.962935769459655	64.69465951688957	30.79860790292279	24.0506623054799
SLYR	45.14363984997522	105.97436362394643	44.72537055860329	20.599108541789107
SMMC	27.402654569209346	89.90127065607092	20.367279812985814	22.457918672818284
SMUR	28.005924835027233	72.16079381765456	16.234848256789288	50.708709331063936
SNNC	46.56546836204771	124.81659956470645	38.95014668561389	22.85587979080216
SOHV	53.9443542032296	382.21858525242425	35.110304088799666	18.04988397206403
SQCF	75.17735302023779	200.946877217575	68.48939873555119	20.05368759169285
SSDU	8.44086690907338	27.979080864152017	4.425680044735644	7.4590400875715765
SUAK	37.580425042784626	65.6447960087964	39.81323706483469	9.512744699711439
SUVN	33.62957350952381	94.88198618299704	27.01287756995318	19.41947384837515
SVTS	51.98318585190655	136.67892980397963	51.30342424705137	29.778615724902995
SVVG	35.999701444431196	96.17129869179942	31.060172428328652	17.576344022015896
SWGX	109.46448619634158	422.217648899984	89.08131490244817	33.82487172663535
SWOH	36.69410119274268	76.35746178724845	35.48715104892921	20.29764287003375
SWPE	23.017434517412823	43.574883437186806	21.638443251707226	15.977754050130203
SXCE	79.35280376454932	220.2418390766296	71.48836570976694	21.545603919745805
SXML	33.85198352518473	102.00038567926987	24.54783962405417	28.64978657871313
SYHW	17.41149118184277	68.13744545728525	13.033557856874765	13.047199549088782
SZPD	42.63555314543254	122.39276019422086	31.859750607413073	45.91149947228942
SZUO	43.8503720292526	84.75645331693394	41.38694671504692	38.24358387731729
SZYG	18.601202967328362	47.01903902303656	12.704944565564917	16.346181613705944
TAGM	32.041684454202404	94.27079995859478	29.39446773984831	14.674895683642475
TAVP	42.73681713298734	97.34781610027002	31.37674587363602	38.27776718622356
TCBC	36.10970710525548	71.92210182535025	21.045987094815782	50.06302114364224
TCYS	97.45753524153757	381.6493130900422	76.61707722017312	18.58539625158067
TDTF	32.94433945053347	126.84744838300493	25.2144954689302	13.609773632104334
TEZA	21.06526120779897	80.764807612961	15.307317957721189	12.562344372742704
TFYI	26.719437278693356	72.01526053613965	15.396043986497668	26.193531368756847
TGKW	59.79644465461024	113.35959913864878	43.34913366756365	52.32290728699008
THDM	43.49604107101985	71.24080963368941	49.92002608066669	10.354756689104697
THEW	58.91520012163138	468.91154867647793	53.70764713593559	3.3506472445282256
THHD	44.86179849278289	100.79144108582233	43.833141902133114	14.114171098255017
TIUZ	33.783772189999475	86.9866036621761	31.414382036884408	11.471399974867206
TJES	46.032274693724304	135.40134445097567	35.95246334757412	28.963442608054095
TJLC	53.82208905033191	164.08882985656388	44.61788533635254	25.958243252048714
TJQY	104.24029899673842	326.57345847616216	87.6497909725952	24.150319639543063
TKEK	37.14186932952082	132.0932636292287	24.306096608385403	23.91951159882296
TLCA	41.831373546110534	74.69337083455676	39.91825616628925	25.23755638622168
TMAJ	48.9915345021058	110.40334853063246	33.27338894647562	35.13488908540136
TOKV	20.721109570983725	46.34834230716131	20.088432148091922	10.311147683550375
TORX	24.162009974781398	91.33383560729732	17.3497107099858	15.08385060538254
TOXE	11.1134144261491	28.22262713852547	6.19565560628887	10.28645591104623
TPEM	32.94907673454397	94.3827604500894	25.840965099784935	32.05863604015966
TQKZ	25.15993651089566	107.11910857736584	17.51806597900209	8.800199638814664
TRRQ	82.62939583421247	251.1185036073895	67.8921019626218	17.775055860132934
TTRG	19.020916951500283	43.75526008450708	20.53633165783981	4.709581757114813
TVCU	33.26978720594074	62.07331402889567	34.31089261131599	12.94130555266408
TVSH	46.6180840026861	66.18253142166094	52.08461467026339	12.177471324510165
TWUW	73.00061023947622	135.2531528003775	29.40097177948829	100.41260576578459
TXMP	82.42000154547713	310.2326499631522	65.7316928750953	29.56747928273492
TXVB	16.017051664785487	26.0458754686588	12.219313059214791	13.317003190027583
TZNS	62.54094506153956	233.71449804559535	48.48925297067762	5.035960354042401
TZWR	8.522240012336276	20.8496704014604	7.741588432385852	5.766662386521695
UAXP	23.79168345119415	43.43061707877636	23.476761674186566	11.610954016636244
UBLN	49.53588377561949	155.16308639641645	39.93642219690054	14.953412997838875
UCNM	46.45182268565084	124.80454021088067	37.90122522677682	24.015109198317926
UCRN	35.108098413050065	60.001421772820265	12.206764866339334	48.86415045072672
UDHA	11.061134854064592	29.811762069094325	8.299384600631862	11.9692426371952
UDUT	11.755618667092635	42.41586942144754	10.51794148220174	5.013409078782501
UEVI	12.924557980117081	23.641830057324345	10.746562451100813	10.921599686706111
UFHF	40.1335879383079	109.29171300379645	35.534234122822376	16.36240460639449
UFJN	43.98068644461679	102.88354173089205	30.42585971901584	34.29777730396033
UGJI	19.841673040279616	78.11984874850569	12.420651929525965	29.868253847574156
UGNK	118.96683697753993	453.5169722440227	30.15938747871367	29.097505741740573
UHBY	25.992918911594483	73.77652751906714	20.77713478374191	17.724238589828754
UHJR	22.010076852792277	49.719334357551624	21.29615942555489	15.515117021824095
UHLI	18.52475256152097	28.403300704539568	12.116065012163439	26.447299226642983
UJGI	49.05221021559175	84.27927760153139	49.3871724188932	19.67679579635201
UJTT	43.17181430244776	127.13678081195198	22.755158822634222	32.349241721664704
UJWU	51.36172492858141	161.3252239232749	24.71707773520948	50.903863959245584
ULKT	10.029117491225378	22.029175439952674	8.815839860268937	6.005684260038441
UMUL	40.365416319933836	130.45026699013715	30.03087629527724	23.394776414322212
UOEL	79.16123649384375	302.6376290599005	70.27603890450791	13.521404383138508
UOMY	98.46892590139085	394.7742917392763	25.45925670285653	17.967793546785273
UOYN	26.361853090107076	126.72380026573597	13.54197612198039	30.234928165694065
UPMJ	10.11178684386623	13.640997161516573	8.457761095313892	11.59837999627402
UPOG	28.333132581381737	116.34346452222393	20.907690523015997	11.79166618938494
UPZX	27.610866256415214	38.43714565756347	30.417719503125294	10.412482692501426
UQCB	66.52922733324743	171.68837765761913	58.67661584162255	32.907717065325045
URCP	45.690572186694496	111.31165357393589	35.86088826219861	27.338802517732844
URDJ	57.222531854732914	131.2493311037302	48.67488914194526	29.29349550344844
UTQR	38.673611957185436	138.85239375375144	25.82728313380965	13.793606455558985
UUHD	25.070111345280967	41.05062348547399	18.148270932671235	25.939352419772245
UUJS	15.041900646813666	37.24957469546159	11.704569425103882	6.737081645943903
UVDC	19.489209152192128	58.17414221707889	17.1519938112365	7.869478577093346
UVQL	13.164778096968794	32.185733137357985	12.632290130289848	7.5383703048516955
UWFU	29.06460070891424	91.05753608538537	23.352701724942747	18.95122706187094
UWOD	60.691111802359	148.79381375436103	41.55943390947225	52.766308572593694
UYED	40.38777856214967	116.90818274704677	34.23635298540138	18.644854083475856
UZWG	41.58311437958179	125.7244827230227	35.07114137887648	19.706517405124615
UZXL	109.23164787267476	355.95240568243764	93.66150548118924	15.14151740318195
VBHQ	150.70773939271385	480.00475433280485	135.8888658004999	16.706818720992786
VBMM	42.00257885713079	96.15930030603506	29.42039644195646	25.36636862083054
VCIN	82.57332184228655	238.36928625138182	75.17339368362371	24.146273126821637
VDAO	24.134553948984635	45.91415074125845	20.15002737624409	31.399509176093407
VDKG	21.628884070914705	50.09730138653019	19.708119789696624	12.270293292730477
VFFP	19.194028254507153	43.79090102354791	17.706024308923126	9.199980881990948
VFYZ	15.944240913681854	32.07408686411119	13.262297154201145	11.078613843835859
VGHH	12.673250078935622	32.02222425537932	10.136971457434333	11.791479476929972
VGSX	15.590998623170526	42.01441886142955	11.415971923232481	5.7845547829766515
VGVI	129.9194534208075	335.3888220315114	113.85646927158598	41.93794357440319
VHZV	31.61340500112909	90.43036441333827	24.966128789072577	17.983768941303605
VIBO	110.72671984487242	408.216305968453	25.79525245965319	21.06264793335838
VITX	49.60319951038091	116.85241811342085	33.57798971564189	41.606549898685564
VJPU	58.745372358460585	246.1591995189619	35.9947165352478	17.494769064049848
VKJD	46.42605361349451	129.47593465894101	35.71552803480624	29.137812138812535
VLNB	37.01865715356127	67.25985519604077	37.81412057402114	16.52691585320793
VMNH	10.798000107050031	13.579729989702038	11.843518827201978	5.952780381367581
VMXJ	59.3271910903611	202.76353176223137	27.843098806567774	31.313169509729974
VNMY	52.3912748334209	104.83460325286798	54.76092044080736	11.702258145746859
VQFW	38.64429466187393	101.56818494870807	35.49168910095263	21.156572971863806
VQYB	90.55848340783771	549.1443805151247	58.689726414278226	17.08221649446013
VSRH	19.25310552592133	48.78251241347743	14.004609418359179	9.622282989385644
VTLJ	51.79387419241398	132.23739152299694	48.20033894422783	26.977829412267234
VTUS	85.27014584566945	290.33767462008916	58.967708196744205	17.728891064195683
VUSY	33.33030881440125	79.42075128512076	29.444242724568937	19.120800571837027
VVPY	18.8814884412206	45.313389898855526	16.229495170040465	14.22722818311467
VVRN	39.82822750886491	103.4291225691483	26.60289418911953	29.530086296275357
VVVV	128.6630750039436	520.4618158165156	101.71950482297501	15.502881397611487
VXKB	42.19472581504819	100.32585566769907	36.43753691743743	32.80593697095516
VXOD	70.52601705489911	257.65121901796704	50.59518578818512	26.567796677714735
VYDM	43.065160597023365	87.23018984681596	38.18779994663275	23.21344800083707
VYGG	63.20509968972822	173.93876645466648	64.7977331225958	13.807958907514292
VYLQ	43.60327823490272	102.01728386366037	38.82560648912299	13.713752837032619
VZCI	75.5010207239594	311.43419243594707	50.70813998492365	22.9628819072876
WAFT	9.627970070257412	21.345959224539314	7.442314378567558	7.258824643854842
WAIL	68.21595361736469	181.7205102567991	59.06202332399017	22.5207698805615
WAXR	33.71764813002208	78.16539506295713	32.346521818941966	10.165260020574486
WBIB	90.81263127491654	247.70783035851346	76.88694340743784	28.920950484086543
WBOD	66.29453624896777	183.46043930629287	61.06096385854646	21.155242308586576
WCLG	44.82711275080551	112.62082506754942	30.752920134901764	33.13784859374112
WCOR	73.15872389538129	462.53316379283797	48.562900814339145	16.511141570470784
WCZB	42.00791880618689	85.72221034864677	21.09574703518505	49.72172074333077
WEAC	74.0338644079915	304.8118517528769	54.88708795450807	33.08862309001382
WEEQ	40.099966898199995	80.60835284037677	22.438506341208452	44.22711093366614
WEQK	29.89758128567399	76.28015321647979	21.65285347571034	30.65118441285102
WFBF	51.30914328933416	241.03969664036575	35.33799809510668	13.779994125785361
WGET	33.65830192030905	87.70689739735553	31.51001121413221	14.325826600194832
WGTU	50.217565677239385	135.05303481639757	28.182673750146858	41.37045704556769
WHNV	47.23109505962746	123.43740756415333	41.3571235174089	13.3612105447628
WIGA	103.43896539791594	311.4812378553531	98.94648081490168	24.737668942631558
WJLO	14.227467813180722	24.805537383421356	10.287657994259664	12.316818122473514
WKCY	68.56202952792746	78.02327834024315	76.67189765094821	20.81037255561364
WKSU	73.9473252919024	207.21525845183578	66.5888008998009	16.71358075932583
WLIC	22.881220990471267	42.45605340971519	18.547580301133593	21.842949195285893
WMLW	25.2930510208165	93.45512497521462	17.352741410559855	16.525068671632354
WMUK	36.424093765393515	123.53824599660793	29.355345182641713	12.375109365029013
WNGH	40.231549222147336	96.47045274555657	29.163049022134437	27.07985532443251
WOBD	49.09374610119264	160.70208286920803	33.3955930273438	18.39836622507921
WOGB	29.359577082679372	60.66879622934011	22.46011336376745	19.03837341435182
WOHL	38.89089735877519	119.31933842952368	30.09619292310392	22.913901526485247
WPHN	57.77965660482812	159.45882743052115	48.52239207305855	19.446071797635962
WQML	36.1087623118712	91.68180455656258	24.23901779284422	30.30645334597021
WQRD	40.72658561525332	132.3146890314252	31.913282346717484	16.446010072823647
WQUF	30.00435534699443	76.45023306488056	22.051925560974656	34.62190578822579
WRPP	40.885247809808824	89.49905182083933	33.45181990071264	38.039945878339076
WSPM	40.67291999820869	85.82969926734307	29.691429019310796	34.04927611238985
WTDE	97.45604057422833	327.6423916123548	82.55534605770507	21.73196968328138
WTKZ	56.27758822721225	225.46862487463164	41.36958508104841	20.26261800261243
WVEF	23.513203953312566	69.33291827912868	20.985534786742548	12.437701466845107
WVMY	41.524735451111354	102.75713621269645	40.741076839121966	25.67673733153265
WVWN	17.07314547355528	41.062191226163165	14.234836584076016	5.670694813223379
WWKL	63.497251882521006	155.0399213388533	55.19999063074343	41.161595765170766
WWQZ	94.65168548846513	305.5278348943511	75.54503579273958	30.83481808925652
WWSS	18.698786958693297	43.092684239769106	14.736513442233097	13.790948915792185
WXNT	111.50278428853156	565.2194764354862	87.59477762509889	23.194735865484805
WXVX	70.75499688327629	203.55096962193085	64.86848016374255	14.23963189078497
WYIG	27.796266378464164	76.39676199963941	23.856676720400387	20.378291357566635
WZFE	36.49271675879593	93.50501072026745	32.83348108399821	13.849584281645146
WZYK	26.21372760828938	38.27484942167402	19.46441548691602	28.430519807631995
XAYK	37.355029525122355	130.92576876304875	29.90649620868562	14.52927233252938
XBKS	75.94523083103235	568.1181735310154	47.140184507688716	13.942325247891223
XDDT	36.56685499815885	97.37458640144426	22.966790208080987	29.51827970169863
XFFT	72.9494772070867	164.3618198584371	70.16781621680335	21.318017120897004
XFJG	131.84597497219863	452.21547039401844	115.17133995079247	17.57465313226652
XGFU	89.46211115345807	235.57038639108023	78.94260108622258	38.625890797352106
XHHU	119.35632146989491	378.58499630042735	94.27012296241796	14.125558558638094
XHKT	24.9444316311821	54.45723041793108	20.19952617352157	26.00949754037896
XIRK	10.93371623768301	23.369353027519832	9.121807563442607	6.131767919187701
XISJ	37.594223628217975	94.94041564174172	35.738689794274315	19.622838712142766
XKPS	57.52066749539036	150.8613218533217	47.582300295440525	47.87626815323062
XLGK	18.479353029815925	50.748840199482956	13.653169236123693	5.4229225064373825
XMBA	54.93957070558119	122.53493329978984	52.67397795653074	20.15322903096826
XMGP	15.649371606314224	30.08846894825757	14.2429097538518	9.997761791392508
XMQO	67.8244502822042	213.96862243997805	62.5860393687225	26.026924853761216
XMVD	17.162667152692467	52.31543490312395	12.241873747167388	12.077289283731757
XNLP	16.93077997978451	43.00102904442773	15.091840485833384	13.257837655927972
XNXF	12.005285403856005	31.751857618212437	6.516433717022665	9.726973578621669
XOOE	45.456244626369106	123.46588657467794	42.37290664413144	25.026104816230724
XPAF	69.07697550114537	181.5096964860318	64.7217992298106	25.338215162788032
XPBC	18.553984555031633	33.7122777851436	18.962439585346083	6.644860449624482
XQRV	42.58110323681958	98.15598144774663	37.13518257681677	31.75026426040921
XQSG	15.023597013825695	27.499406907632768	13.698810384491361	9.036630407613412
XQWC	67.14127429201748	190.22288711967767	64.34095248511196	22.73515777737401
XRCX	30.219331420038063	111.70760269025344	20.91012106155859	17.980889910203437
XRLM	35.53334446128263	94.06662717326722	31.305819833859523	19.02419907390199
XSSD	25.01690723409989	98.15389747982037	15.826990108313625	13.207692159913934
XSZI	67.80072806969058	209.0003590235444	58.20960024730963	10.967841505289242
XTZO	24.2032515868183	47.98081446795646	20.599103839710185	12.438931936564938
XUAB	113.8905341670254	665.9766986199628	69.95708333116033	19.720090463771516
XVJB	42.88029412476114	101.43079446217051	39.9790378489422	16.097973801697496
XVRU	30.61470706357829	76.68466968882916	26.55213359182282	19.39260484908956
XWHK	35.82347715843095	115.98444024124764	23.261301122588684	31.69895557502601
XXHP	47.817655710237794	122.96996525430166	34.26210521932552	33.06776731872875
XXYA	39.980319211911755	84.49066527569494	38.8566315601151	10.781594438249819
XZME	76.70193249239173	169.29671720593464	70.01307610506478	26.864202323840157
XZUY	15.364803039749441	27.60263082797701	12.596490560036125	15.358449517778073
YADI	12.068449299340086	31.161616367423264	7.038835307384471	15.585398146396823
YBML	130.66841136523317	449.180246050957	106.26960577095399	26.589346931229628
YBQN	28.94631912695477	42.34383541437087	23.525314919232734	28.737365902949854
YCKE	38.37089821829783	89.44834559615559	24.125212391809534	38.18546535514899
YEPO	25.229166648412672	71.44409301723915	15.735575858504694	19.187048136601014
YFGP	17.314543099968535	35.72232691802705	12.445174561352044	11.982733294520296
YFQX	25.09478806982272	95.53136065118412	12.706418338511423	18.20754520673367
YFZK	14.738525653234854	33.4013489800097	12.106157989700389	8.380154893877602
YGAT	32.11113957325755	123.82367508667657	27.572213426931587	3.9757666181623144
YGCX	58.84653403266128	113.20346107277506	59.44596021133412	24.19677236097376
YHFG	36.06566030512812	128.8941661719214	26.577623732818044	22.258062381528458
YHLF	57.2551077069942	115.22103800599828	54.18465245797303	31.93850325247429
YHZW	14.869337818114436	34.19633838043654	10.785973919515062	11.171646684530508
YIXP	15.776200055329388	30.790793096704192	14.955228683840707	12.72477266338988
YJJY	54.66889155037612	132.85922598073466	40.36598225447789	34.388326139734204
YJUG	211.95130226247562	662.971511167063	183.62311884097454	30.219333874898457
YKFU	33.122286054972086	64.9447200797111	32.416343162495984	18.386064676265722
YKQR	35.49382767584461	99.43114661171309	28.32132577740324	29.86736459057226
YKZB	28.763635642923106	92.22976678332486	25.58339834593358	3.6294667069018978
YLJA	44.4607454858484	121.14132342591861	22.923276509873844	43.65857407488925
YLPM	21.221196051693628	50.16955877449816	14.687175777726118	16.606857267916947
YLWW	40.41477898674955	226.10250665460785	37.83191740461974	12.383937251241735
YMES	107.43434404579229	404.9315780376068	68.54997223026636	73.48553232940262
YNFJ	45.341488481473306	128.86544176510426	41.669267126130705	15.535060782774725
YNUE	107.48454011135607	277.5480366508386	93.0013985080807	33.56399305487704
YOWV	53.03627482594172	133.60897852335677	37.74701550617428	33.025497734109216
YPIC	78.94700950826243	469.28543534697997	51.94561109177552	18.786739412376704
YQEC	62.05523688284171	154.40631982641818	41.65942436442925	46.352220692755004
YQIJ	20.58252666980893	65.63845082466172	17.713889163961397	15.432634620800878
YRBQ	39.99051963440064	124.93182899424076	33.1002011424481	14.588370880152887
YRHD	37.270547975486856	106.24303442213778	31.680605012624522	13.563823306142849
YSRZ	35.00154883424577	71.86226891863758	32.308024614762424	18.709726251191682
YUOM	22.658019530907165	69.46613867047432	20.06691458885867	5.7177237741655045
YWNF	53.03836780948729	102.69523552095384	35.71478455940244	57.4230004518405
YXNR	52.70176485775261	313.76369877859224	38.853463400499464	12.486537951271286
YYPE	11.150676533341217	21.846875424921727	9.195699460370083	7.675602951196924
YZGX	27.353971216055363	108.78526026972416	16.902423968026802	19.576620736817553
YZRI	74.23568799050905	222.6175190166105	57.37259208351982	23.99598720898039
YZVJ	46.60055658043528	87.87423439573283	46.79683793067642	14.937843632644565
ZACW	33.921387563423764	75.7359270550821	24.58476253029698	23.28466938889309
ZBPY	34.26401499407499	120.85326671711698	25.18517856431261	21.70856203777238
ZBTA	60.57563306040063	257.52757619473556	36.26548326013309	17.977525462314723
ZBVT	74.39958858160814	298.4417708666811	44.191003316202796	18.429630269841564
ZCDJ	28.98721464380896	88.48732347730443	24.71529354903377	10.432220681227946
ZCUA	38.358414128018204	110.42015186919616	34.46988328049739	8.245110649384914
ZENX	62.087612615838786	433.7577779252794	42.60855796368826	16.124231653928522
ZETY	41.74574889123791	86.43984048432041	39.32032446848165	20.76391056165749
ZFGK	22.105203370429482	41.1768469557957	14.824322146751598	35.239806885858265
ZGQD	11.986073552369124	40.766233543315195	9.478367974777028	9.531250306611913
ZHEE	36.21237486603557	90.87115143845666	32.31531584394424	18.264441719434835
ZHMB	59.78283269359424	136.26995077248029	53.66718903154568	40.02334142325844
ZINQ	51.366501373083864	103.7379198224585	49.071226168890924	24.32763375918706
ZIWB	20.128263632542147	53.29515031897147	21.674594970784618	8.21700081817851
ZJRC	62.34715310260521	188.4937027061279	56.4676148569861	28.12987686452162
ZJUL	21.03339730188878	54.15807659396246	18.15032452137755	13.359318097654478
ZKPF	124.05119237308864	335.56144700118847	118.41720146065222	49.71521309422228
ZMGN	86.05413822813811	526.2588222999377	55.91271244567842	13.307237705775764
ZPKK	79.15486223501509	194.6465561383893	79.33375999083981	18.827331123118764
ZQRI	24.76635025710188	63.830625613233124	16.243733114506284	16.214508684461897
ZQVF	12.256833245644014	20.55045285815898	11.352012668846138	8.086439509955296
ZQWM	17.09136423372067	40.94767323377614	13.772006305878639	6.372960294226831
ZQYU	47.120972620793474	146.25674742428308	24.508166999839013	56.850671500261626
ZRIN	41.20729142983392	119.86714471909363	35.68258267805178	19.117115384723515
ZSAB	22.303081767012177	54.6648906891619	21.358830709002763	9.86333364896001
ZSGF	49.23509921681519	184.8164160146219	26.162125520411532	22.28521719533636
ZSSR	47.17524302679331	110.28330308775104	41.54578860982018	20.872046966601193
ZTHV	36.6568631708403	66.80983983067094	25.776558480467912	33.186429854726406
ZTLR	34.37007232571297	106.58595682530034	26.523845957663863	29.03291364643718
ZUHO	22.80098467288508	73.91461485642978	15.842827131837119	25.57500932848465
ZXJO	27.594143945371446	84.09658254496094	16.47927440432931	22.871913232646733
ZYAX	14.235833107358618	34.45647070984637	10.421057435478383	10.275743878225585
ZYCD	16.96655340041076	35.443722588546954	8.148140618513253	28.35163588939082
ZZEI	52.04526338495551	103.93364535712908	45.03005992435894	39.365616435125844
ZZOL	16.68947887825283	22.125228265189826	10.857571134977684	29.035865784613996
